23
player
1
17
3
-0.15
2
1
1
1
0
tree
1
7
-24.6584
1.5
-10.5504
6
6
6
0
tree
1
7
-20.488
1.5
-8.40634
6
6
6
0
tree
1
7
-16
1.5
-16
6
6
6
0
tree
1
7
-10.4222
1.5
-15.904
6
6
6
0
tree
1
7
-6.57845
1.5
-5.62415
6
6
6
0
tree
1
7
-21.2555
1.5
4.02856
6
6
6
0
tree
1
7
0
1.5
0
6
6
6
0
tree
1
7
-6.73946
1.5
7.99304
6
6
6
0
flower
1
7
2.49525
0.1
-20.2745
1
1
1
0
flower
1
7
10
0.1
6
1
1
1
0
flower
1
7
10
0.1
6
1
1
1
0
flower
1
7
10
0.1
6
1
1
1
0
flower
1
7
10
0.1
6
1
1
1
0
cube_1
2
18
50
0.3
20
1
1
1
0
minion1
1
9
13.7657
4
10
1
1
1
0
minion2
1
9
30
4
5
1
1
1
0
minion3
1
9
26
2
7
1
1
1
0
minion4
1
9
2
6
1
1
1
1
0
ch_witch2
1
10
12
0
9
1
1
1
0
plane64
7
8
6
0
6
1
1
1
0
gem
8
8
-12.263
0
3.67184
1
1
1
0
